[0m [38;2;0;0;0m        [0m [38;2;201;232;248m🬭[7m[38;2;203;235;250m▀[38;2;203;236;249m🮂[38;2;202;236;251m🮂[38;2;203;235;250m▔[38;2;202;235;250m▔[38;2;201;237;251m▔[38;2;201;236;250m▔[38;2;199;235;250m🮂[38;2;200;235;250m🬂[38;2;200;234;250m▀[0m[38;2;200;236;250m🬭[38;2;198;236;246m▂[38;2;178;204;214m▁          [0m
 [38;2;0;0;0m      [38;2;208;238;249m🭇[7m[38;2;201;237;250m🭚[38;2;202;235;250m΄[0m[38;2;201;236;251;48;2;202;235;250m╴[38;2;202;236;249m𜴉[38;2;191;226;245m🭈[38;2;182;215;244m🭊[38;2;202;235;250;48;2;180;213;246m🬂[38;2;179;212;247;48;2;202;235;250m🭂[38;2;190;224;247;48;2;179;212;246m▔[38;2;179;212;243;48;2;179;212;245m▔[38;2;179;212;245;48;2;151;187;214m🭝[38;2;141;173;199;48;2;179;212;245m𜺣[38;2;192;226;251;48;2;179;213;244m𜺫[38;2;186;221;248;48;2;179;212;245m▔[38;2;195;229;252;48;2;179;212;247m▔[38;2;182;218;245;48;2;116;147;172m🭠[0m[7m[38;2;179;212;243m🭢[0m[38;2;178;213;243m🬽        [0m
 [38;2;0;0;0m    [0m [7m[38;2;196;232;250m🭠[0m[38;2;102;114;120;48;2;200;227;249m΄[38;2;202;236;253;48;2;199;232;249m𜴞[38;2;202;235;250;48;2;181;216;239m🭝[38;2;187;219;241;48;2;202;235;250m🭆[38;2;187;218;247;48;2;202;235;252m🭂[38;2;192;223;250;48;2;183;213;245m𜵕[38;2;196;228;248;48;2;181;213;243mŁ[38;2;188;219;243;48;2;180;210;244m🬭[38;2;185;216;245;48;2;179;212;247m🭆[38;2;190;225;239;48;2;179;212;246m_[38;2;179;212;244;48;2;163;192;217m🭝[38;2;181;214;243;48;2;161;196;224m🭊[38;2;181;213;245;48;2;183;225;231m🭟[38;2;180;213;241;48;2;180;229;221m▀[38;2;179;212;245;48;2;181;221;234m🭔[38;2;159;192;216;48;2;179;212;246m🭅[38;2;145;177;205;48;2;179;211;245m𜶐[38;2;179;211;246;48;2;159;196;222m𜷖[38;2;197;231;249;48;2;179;212;247m⠈[0m[7m[38;2;200;227;244m🭥[0m [38;2;17;20;21m      [0m
 [38;2;0;0;0m [38;2;129;120;141m🭇[38;2;207;190;231m🭊[38;2;208;191;233m🭂[7m[38;2;206;189;233m΄[0m[38;2;210;185;239;48;2;187;165;204m𜶼[38;2;211;189;234;48;2;179;166;204m𜵇[38;2;151;150;182;48;2;191;225;247m▂[38;2;138;174;196;48;2;189;223;243m▂[38;2;156;192;215;48;2;186;220;245m🬭[38;2;168;202;229;48;2;183;213;247m𜴧[38;2;184;225;229;48;2;179;213;245m🭈[38;2;178;228;218;48;2;179;212;245m🬭[38;2;134;172;191;48;2;191;234;241m▂[38;2;152;195;199;48;2;180;230;218m𜵡[38;2;145;188;196;48;2;193;231;239m🬩[38;2;157;189;200;48;2;184;230;227m𜴎[38;2;189;231;230;48;2;203;236;249m𜷍[38;2;188;226;232;48;2;197;238;242m🬆[38;2;203;238;250;48;2;186;230;230m𜺠[38;2;137;172;188;48;2;180;214;242m🭋[38;2;176;213;242;48;2;112;153;175m🭃[38;2;141;176;200;48;2;179;213;241m𜴏[38;2;161;195;223;48;2;179;213;244m╱[38;2;67;86;110;48;2;179;212;248m˛[38;2;180;216;240;48;2;179;212;243m╉[0m[7m[38;2;204;234;245m🭦[0m[38;2;0;0;0m      [0m
 [7m[38;2;185;173;202m🭟[38;2;208;188;234m🭗[0m[38;2;208;184;230;48;2;180;159;198mī[38;2;157;136;183;48;2;214;183;240m🬂[38;2;180;161;201;48;2;213;185;237m𜴜[38;2;171;169;158;48;2;211;184;237m🬽[38;2;206;200;199;48;2;208;185;238m🬼[38;2;136;114;159;48;2;209;184;234mì[38;2;96;78;117;48;2;164;139;181m╷[38;2;172;202;222;48;2;132;130;165m𜵇[38;2;175;212;232;48;2;142;173;199m🮁[38;2;146;180;208;48;2;171;204;237m🭺[38;2;179;214;245;48;2;154;185;211m🮗[38;2;177;213;244;48;2;159;189;215m🬂[38;2;126;159;182;48;2;175;208;240m𜶯[38;2;138;179;181;48;2;170;213;210m𜷂[38;2;161;205;205;48;2;184;231;224m🭬[38;2;184;232;223;48;2;180;230;219m▀[38;2;182;229;221;48;2;124;170;168m🭝[38;2;172;218;217;48;2;183;229;225m▏[38;2;191;236;233;48;2;119;150;169m▏[38;2;181;211;244;48;2;135;167;185m🭛[38;2;154;190;215;48;2;181;214;244m╱[38;2;191;223;245;48;2;168;195;216m🭚[38;2;235;210;189;48;2;151;168;190m𜵈[38;2;177;212;245;48;2;195;225;249m𜴅[38;2;202;234;247;48;2;194;227;244m🭦[0m[38;2;202;233;245m🭀     [0m
 [38;2;210;183;231m🮈[38;2;210;184;233;48;2;169;151;189m𜵅[38;2;161;137;180;48;2;204;175;229m𜶤[38;2;211;187;238;48;2;151;130;171m𜴈[38;2;144;120;162;48;2;209;181;235m▁[38;2;205;179;226;48;2;137;158;161m𜵡[38;2;145;160;158;48;2;197;170;220m𜴺[38;2;212;182;240;48;2;180;153;198m🭘[38;2;120;98;136;48;2;167;142;184m🭚[38;2;59;62;96;48;2;117;146;165m[[38;2;74;89;103;48;2;177;212;241m🬭[38;2;178;212;243;48;2;76;77;96m▀[38;2;170;204;238;48;2;100;121;140m🬂[38;2;142;170;193;48;2;66;90;105m▀[38;2;76;100;115;48;2;132;163;181m🭂[38;2;111;146;158;48;2;160;202;200m𜺣[38;2;179;221;217;48;2;181;230;218m╷[38;2;151;200;195;48;2;182;232;221mí[38;2;181;231;220;48;2;153;200;199m▌[38;2;162;204;202;48;2;181;232;220m▕[38;2;130;162;182;48;2;66;102;113m🭅[38;2;164;199;222;48;2;149;163;185m🬘[38;2;186;216;242;48;2;164;142;149m🭘[38;2;239;208;187;48;2;184;160;141m𜶻[38;2;120;116;118;48;2;154;190;215m𜴀[38;2;189;221;244;48;2;180;213;242m🭤[38;2;190;224;246;48;2;184;215;243m🭅[0m[38;2;202;236;248m▌     [0m
  [7m[38;2;202;176;229m🭀[0m[38;2;101;131;96;48;2;182;148;198m𜷋[38;2;84;116;81;48;2;212;183;236m𜶻[38;2;107;94;124;48;2;172;142;194m▂[38;2;110;89;122;48;2;144;113;165mź[38;2;96;86;105;48;2;173;134;194m▁[38;2;96;87;109;48;2;169;120;187m▁[38;2;70;95;113;48;2;164;122;181m🭅[38;2;174;150;194;48;2;64;85;98m΄[38;2;82;92;98;48;2;194;157;151m▎[38;2;196;147;138;48;2;234;194;180m┏[38;2;147;114;109;48;2;207;179;172m🮇[38;2;117;114;123;48;2;227;203;194m𜴌[38;2;84;81;89;48;2;184;164;163m🭕[38;2;94;130;141;48;2;183;231;217m▍[38;2;164;209;201;48;2;182;230;220m🭱[38;2;124;162;162;48;2;183;230;220mŗ[38;2;142;180;182;48;2;182;228;223m┃[38;2;48;84;93;48;2;181;230;215m🮇[38;2;94;122;137;48;2;176;168;172m𜴏[38;2;59;68;76;48;2;143;189;190m🮂[38;2;37;51;62;48;2;160;189;182m▼[38;2;104;89;90;48;2;183;173;167m🬃[38;2;144;179;198;48;2;179;211;242m▍[38;2;88;114;136;48;2;185;215;242m˛[38;2;134;164;190;48;2;181;212;240m/[0m[38;2;111;127;131m▌     [0m
 [38;2;0;0;0m [38;2;80;104;78m🭣[38;2;63;96;60m🬂[7m[38;2;50;53;58m𜵩[0m[38;2;81;64;96;48;2;87;72;95m▎[38;2;107;90;123;48;2;62;55;75m🬚[38;2;47;49;55;48;2;63;88;63m🬿[38;2;39;62;42;48;2;72;97;71m▔[38;2;123;153;168;48;2;53;81;96m𜷋[38;2;126;165;177;48;2;82;110;131m┪[38;2;119;156;165;48;2;46;74;91m𜵆[38;2;68;89;106;48;2;237;209;190m🭑[38;2;199;159;149;48;2;237;209;191m𜴸[38;2;177;165;159;48;2;240;209;189m𜴻[38;2;161;149;150;48;2;238;211;194m𜴈[38;2;102;136;143;48;2;186;231;226m▎[38;2;122;166;169;48;2;180;230;218m🭱[38;2;147;185;183;48;2;183;231;218m▍[38;2;173;216;208;48;2;182;229;220m▌[38;2;107;111;111;48;2;164;192;188m🭵[38;2;171;163;166;48;2;239;210;192m🭘[38;2;189;167;159;48;2;239;211;190m𜺫[38;2;234;210;197;48;2;201;179;166m🮀[38;2;236;210;194;48;2;183;179;176m▁[38;2;177;209;242;48;2;177;173;175m🭘[38;2;140;162;180;48;2;190;216;244m𜶰[0m[7m[38;2;164;193;215m🭋[0m [38;2;50;55;58m     [0m
 [38;2;0;0;0m  [38;2;80;64;88m🭢[7m[38;2;100;85;108m🭦[38;2;67;52;75m𜴹[0m[38;2;55;55;74;48;2;118;104;132m🬀[38;2;144;124;164;48;2;82;67;97m🬞[38;2;62;64;80;48;2;150;182;182m🬊[38;2;186;214;233;48;2;139;179;186m🮇[38;2;58;93;104;48;2;154;189;197m▕[38;2;54;83;103;48;2;125;169;175m🭦[38;2;200;152;136;48;2;103;65;79m𜶖[38;2;122;65;75;48;2;201;152;138m▔[38;2;107;63;69;48;2;200;152;138m𜺨[38;2;218;181;165;48;2;238;210;189m🬼[38;2;96;125;132;48;2;177;182;181m🭉[38;2;124;170;166;48;2;179;228;218m🭱[38;2;180;230;219;48;2;160;199;198m🬔[38;2;139;180;179;48;2;181;228;218m▎[38;2;216;212;203;48;2;127;159;165m🮈[38;2;242;209;194;48;2;239;210;192m¹[38;2;238;209;191m⠈[38;2;240;210;193m🭘[38;2;229;205;185m⠈[38;2;160;171;181;48;2;238;210;192m🭇[0m[7m[38;2;237;212;195m🭆[0m[38;2;160;170;180m΄[0m [38;2;64;67;70m     [0m
 [38;2;0;0;0m  [0m [38;2;130;107;140mΛ[7m[38;2;164;140;182m▍[0m[38;2;142;128;161;48;2;91;91;113m┯[38;2;55;57;78;48;2;119;126;145mλ[38;2;126;157;162;48;2;182;229;219m▌[38;2;177;228;216;48;2;156;201;198m🬔[38;2;135;169;181;48;2;179;225;219m🭤[38;2;143;177;180;48;2;101;132;148m𜴡[38;2;200;153;141;48;2;158;123;131m🭦[38;2;201;152;138;48;2;215;178;160m🭝[38;2;243;209;190;48;2;198;152;137m🬏[38;2;240;204;187;48;2;198;153;137m𜺫[38;2;105;124;124;48;2;181;170;162m🭱[38;2;171;214;210;48;2;105;121;124m🭔[38;2;184;231;221;48;2;142;185;186m𜶖[38;2;181;227;217;48;2;118;150;161m🭖[38;2;113;145;149;48;2;223;211;200m▏[38;2;242;209;195;48;2;239;210;192m𜺣[38;2;240;211;193m⠁[38;2;239;211;194m⡠[38;2;238;211;194;48;2;151;171;190m🭝[0m[7m[38;2;183;214;239m▕[0m[38;2;44;48;53m        [0m
 [38;2;0;0;0m  [0m [38;2;92;76;101m𜴅[38;2;158;138;174m𜴡[38;2;129;147;158;48;2;110;95;123m🭃[38;2;165;160;189;48;2;120;119;145m𜵡[38;2;126;143;160;48;2;165;199;211m▘[38;2;139;175;189;48;2;181;229;221m🭀[38;2;124;163;166;48;2;176;228;215m╲[38;2;179;228;218;48;2;90;117;138m𜶿[38;2;149;169;166;48;2;55;84;108m🭖[38;2;241;209;187;48;2;200;154;143m🭅[38;2;200;155;138;48;2;241;210;192m🭢[38;2;235;197;182;48;2;195;151;141m🬼[38;2;161;174;174;48;2;179;145;137m╹[38;2;187;212;206;48;2;155;149;144m🭦[38;2;149;191;192;48;2;183;230;220m▌[38;2;122;157;153;48;2;185;227;218m▌[0m[7m[38;2;203;193;178m🬽[0m[38;2;117;104;96;48;2;239;210;191m▁[38;2;241;210;193;48;2;239;210;192m─[38;2;240;210;193;48;2;168;155;151m🭝[38;2;177;211;242;48;2;185;173;169m🭅[0m[7m[38;2;181;210;234m🮈[0m[38;2;0;0;0m        [0m
 [38;2;0;0;0m    [38;2;177;198;202m🮇[38;2;148;161;188;48;2;195;239;245m🮂[38;2;180;217;244;48;2;155;187;202m▍[38;2;158;202;203;48;2;189;239;235m🭤[38;2;185;216;243;48;2;163;198;218m🭋[38;2;182;216;245;48;2;184;220;240m🭮[38;2;162;200;207;48;2;185;216;245m🬈[38;2;104;82;91;48;2;189;220;228m🭥[38;2;239;211;190;48;2;155;166;162m🭦[38;2;239;212;190;48;2;239;210;192m🬃[38;2;199;151;137;48;2;238;210;191m🭦[38;2;195;147;135;48;2;237;208;190m🭟[38;2;198;150;140;48;2;237;209;190m🭕[38;2;88;109;107;48;2;156;178;191m𜶻[0m[7m[38;2;114;139;147m🭯[38;2;152;167;176m🭖[0m [7m[38;2;132;137;146m▍[38;2;186;210;242m▏[38;2;184;214;243m🭋[0m[38;2;146;157;169m╹        [0m
 [38;2;0;0;0m    [38;2;205;233;244m🮇[38;2;199;238;244;48;2;187;223;242m🭤[38;2;190;225;243;48;2;118;144;168m▌[38;2;126;149;169;48;2;186;216;238m🭀[38;2;142;177;179;48;2;179;224;222m🭮[38;2;137;172;186;48;2;181;216;233m🬏[38;2;186;224;238;48;2;185;215;245m𜶄[38;2;184;219;242;48;2;184;215;244m🬽[38;2;88;106;118;48;2;182;217;239m🭢[38;2;239;211;189;48;2;170;208;227m🭥[38;2;182;171;164;48;2;239;210;192m🬽[38;2;216;177;161;48;2;238;209;191m🬄[38;2;125;110;110;48;2;221;204;197m🭢[0m[38;2;138;159;173mì[38;2;95;107;114m🮇[0m [38;2;73;80;84m [0m [38;2;139;158;176m🮂[38;2;132;143;153m˙         [0m
 [38;2;0;0;0m   [0m [38;2;188;221;242m🮇[38;2;99;113;122;48;2;184;218;226m╹[38;2;129;142;142;48;2;193;221;230m🭢[38;2;105;126;143;48;2;206;200;188m🮂[38;2;80;99;115;48;2;160;180;196m΄[38;2;189;235;226;48;2;136;153;173m𜴜[38;2;109;142;145;48;2;185;215;241m🬃[38;2;174;214;209;48;2;185;220;240m🬏[38;2;191;238;229;48;2;181;216;235m𜶀[38;2;187;226;233;48;2;185;218;241m▂[38;2;170;187;205;48;2;178;214;234m🭤[38;2;234;209;193;48;2;174;193;208m🭢[38;2;153;177;200;48;2;183;213;241m▎[38;2;183;214;242;48;2;88;100;113m🭏[0m[38;2;127;142;155m🬼[0m [38;2;68;71;74m             [0m
 [38;2;0;0;0m   [0m [38;2;155;184;204m🭦[38;2;59;66;71;48;2;140;164;186m𜺠[38;2;177;177;170;48;2;241;235;217m🬼[38;2;240;235;217;48;2;181;185;187m🭑[38;2;121;132;139;48;2;199;205;208m🭺[38;2;239;233;214;48;2;146;171;183m𜶯[38;2;240;236;215;48;2;159;190;191m🬭[38;2;158;190;193;48;2;240;235;215m▀[38;2;240;235;220;48;2;170;205;212m𜶻[38;2;125;145;155;48;2;194;241;227m⎻[38;2;193;194;188;48;2;188;235;231m𜶜[38;2;178;179;174;48;2;186;224;236m🬽[38;2;174;203;223;48;2;186;230;237m𜵀[38;2;187;217;241;48;2;157;189;213m𜵗[0m[7m[38;2;183;218;236m🭤[0m[38;2;189;214;240m🬼             [0m
 [38;2;0;0;0m    [0m [7m[38;2;154;171;191m🭏[38;2;235;238;223m🬐[0m[38;2;240;235;215;48;2;182;181;170m🭂[48;2;242;235;216m🮀[38;2;241;236;209;48;2;241;234;215m⠁[38;2;242;236;214;48;2;240;235;215m⎺[38;2;241;236;214;48;2;241;234;215m🬂[48;2;209;205;186m🭝[38;2;178;175;167;48;2;223;218;199m🭉[38;2;241;234;215;48;2;202;201;184m▀[38;2;204;200;181;48;2;241;234;215m🬭[38;2;203;200;181;48;2;241;236;214m𜴸[38;2;127;134;140;48;2;221;219;212m⠢[38;2;139;165;179;48;2;189;214;236m🬽[38;2;148;182;197;48;2;183;213;233m𜵀[0m[7m[38;2;179;214;241m🭥[0m[38;2;155;176;197m🬼           [0m
 [38;2;0;0;0m    [0m  [7m[38;2;239;234;214m▎[0m[38;2;239;234;214;48;2;240;235;215m΄[38;2;241;236;216m⡄[38;2;240;235;215;48;2;241;235;216m🭝[48;2;205;200;182m🭠[38;2;203;200;181;48;2;240;235;215m🭂[38;2;201;198;180;48;2;203;200;181m𜴉[38;2;175;173;160m🭢[38;2;203;201;181;48;2;68;70;75m🭔[38;2;205;200;181;48;2;203;200;181m🬞[38;2;145;147;148m🬞[38;2;177;176;175;48;2;203;201;180m🬼[38;2;75;77;78;48;2;207;203;185m🭢[38;2;230;227;208;48;2;103;132;139m🬾[38;2;174;209;220;48;2;115;148;153m🭕[0m[7m[38;2;182;215;244m🭢[0m[38;2;183;214;243m🭑[38;2;101;113;124m🬼         [0m
 [38;2;0;0;0m     [0m [38;2;108;105;98;48;2;240;235;215m▏ [38;2;240;235;215;48;2;230;225;204m🭝[38;2;207;202;182;48;2;240;235;215m🭋[38;2;203;200;182;48;2;205;201;182m🭂[38;2;161;158;152;48;2;203;201;181m🭗[38;2;203;200;180;48;2;205;200;182m🭈[38;2;140;140;153;48;2;202;201;180m🭅[38;2;94;94;100;48;2;192;192;183mľ[38;2;203;200;181;48;2;205;200;181m🭍[38;2;192;193;179;48;2;203;201;181m🭢[38;2;203;201;185;48;2;144;144;144m𜵆[38;2;203;201;180;48;2;163;164;161m🭔[38;2;224;220;203;48;2;205;202;179m🮡[38;2;55;73;86;48;2;203;201;184m🭕[38;2;65;77;93;48;2;142;173;176m🭑[38;2;131;172;175;48;2;184;213;245m🬿[0m[7m[38;2;185;216;245m🭢[0m[38;2;181;215;242m🭑[38;2;105;118;128m🬼       [0m
 [38;2;0;0;0m     [38;2;203;200;186m▕[38;2;238;233;213;48;2;240;235;215m˛[38;2;240;235;215;48;2;229;224;204m🭝[38;2;200;199;187;48;2;240;235;214m🭃[38;2;222;219;205;48;2;203;200;181m▌[38;2;205;200;181m🭦[38;2;144;144;147;48;2;205;200;180m🭋[38;2;165;165;160;48;2;203;200;181m🭙[38;2;137;139;146;48;2;202;200;184m🭛[38;2;203;200;184;48;2;157;157;149m▍[38;2;165;163;148;48;2;203;200;183m,[38;2;159;159;148;48;2;203;201;180m╲[38;2;205;199;182;48;2;203;200;181m🭊[38;2;204;201;187;48;2;166;166;160m𜵛[38;2;205;202;182;48;2;194;192;176m🭕[38;2;171;167;156;48;2;204;202;184m🭀[38;2;198;194;181;48;2;53;54;54m🬿[38;2;130;174;165;48;2;65;88;100m🭢[38;2;146;184;190;48;2;86;111;118m🭕[38;2;135;175;179;48;2;184;215;243m🬾[0m[7m[38;2;190;232;237m🭢[0m[38;2;183;220;234m🬿      [0m
 [38;2;0;0;0m     [38;2;238;234;215m🮇[38;2;212;205;186;48;2;242;235;216m┃[38;2;203;198;178;48;2;240;235;215m🭅[38;2;232;226;204;48;2;165;164;161m🭅[38;2;208;204;184;48;2;205;200;181m🭗[38;2;203;200;182;48;2;143;143;139m🭝[38;2;138;141;152;48;2;165;165;160m┛[38;2;124;129;144;48;2;204;201;182m🭆[38;2;201;202;182;48;2;140;141;149m𜵱[38;2;59;61;66;48;2;140;143;154m▔[38;2;205;199;180;48;2;139;136;129m▗[38;2;105;104;95;48;2;184;184;173m𜵎[38;2;203;202;181;48;2;142;144;146m𜴅[38;2;168;168;169;48;2;203;200;185m𜴷[38;2;204;201;187;48;2;182;181;169m🭖[38;2;157;157;152;48;2;204;201;186m🮚[38;2;206;199;181;48;2;52;51;50m▍[38;2;67;86;93;48;2;162;162;159m🭥[38;2;92;118;130;48;2;53;61;70m𜺫[38;2;134;170;171;48;2;73;84;95m🭕[38;2;177;206;230;48;2;135;176;173m🭕[38;2;148;184;184;48;2;189;222;233m🭥[0m[7m[38;2;177;202;223m🭥[0m [38;2;10;11;13m    [0m
 [38;2;0;0;0m     [38;2;238;234;213m🮈[38;2;208;203;181;48;2;237;235;212m🭰[38;2;166;167;165;48;2;203;198;178m𜵛[38;2;203;200;181;48;2;239;234;214m🭅[48;2;199;198;179m🭝[38;2;155;152;142;48;2;203;201;178m🬘[38;2;159;161;157;48;2;138;143;149m🬓[38;2;196;196;189;48;2;136;141;147m🭋[38;2;140;145;152;48;2;187;183;167m🭆[38;2;145;145;150;48;2;140;145;152m🭗[38;2;122;127;131;48;2;140;143;152m³[38;2;69;69;67;48;2;202;199;183mʽ[38;2;202;201;181;48;2;154;156;165m🭯[38;2;204;199;178;48;2;165;165;155m🬾[38;2;150;148;140;48;2;190;186;176m𜴜[38;2;63;64;62;48;2;204;200;186m🭦[38;2;193;191;178;48;2;24;25;31m🭖[38;2;23;23;30;48;2;203;200;189m▌[38;2;73;94;98;48;2;149;148;151m🭦[38;2;28;37;47;48;2;92;104;117m𜴠[38;2;49;56;72;48;2;117;153;151m🬾[38;2;176;210;231;48;2;133;178;170m🭤[38;2;143;174;183;48;2;181;211;239m🭏[0m[7m[38;2;186;212;238m🭥[0m [38;2;60;67;75m   [0m
 [38;2;0;0;0m     [38;2;241;234;215m𜴡[7m[38;2;236;231;211m▂[38;2;206;199;180m▂[38;2;204;200;182m▂[38;2;200;199;183m▂[38;2;203;200;174m▂[38;2;140;144;151m▂[38;2;159;156;154m▂[38;2;140;145;151m▂▂[38;2;140;144;153m▂[38;2;200;198;187m▂[38;2;202;198;186m▂[38;2;204;199;179m▂[38;2;200;200;189m▂[38;2;204;200;181m▂[38;2;27;30;35m▂[38;2;125;126;122m▂[38;2;170;170;167m▂[38;2;117;121;128m▂[38;2;98;122;133m▁[38;2;141;173;178m▂[38;2;137;176;174m▂[38;2;134;173;171m▂[38;2;178;209;238m𜶵[0m[38;2;2;2;2m   [0m
